1222760217
100000535738154
100000413868737
1664840531
100004712704496
100002897628788
1238808009
100002283378814
1131431535
100005434329370
1184790619
100001845059164
100002616019486
100027745418278
100003775310290
100001817227944
100000697267351
100000594308387
100001873487137
100002404359378
1506117314
100002115664603
100002150456395
1523647978
100004749704675
100001317615005
100001069344584
100007688321209
1565856218
100002673991437
627694143
1636908131
100000537024177
100000114017675
100002892627420
100000260546605
100002239202300
100000286568038
100003624997276
1532539235
100002173624639
100003074653845
701633280
100002066334072
100001863434019
100001863861432
100004504065892
100001202998259
100002250930239
100001623475920
503268696
100002296997552
100003224140561
100012943020556
100002658936723
100002619498964
1717165091
100002150732447
100001945222074
100000510903737
100001619838166
100000507409946
100002254281226
100001226423631
100002557571030
100001869503434
100000575847034
100004067176773
100003494172871
100004047455850
100001468299836
100003157607748
100002169269007
100002433094683
100000561851152
100002940041950
100002303950315
100000626653971
100001346486498
100005657074042
100001887228944
100002625077431
100003777716110
100002832644304
100002643967564
100003913943857
100002305542092
100002447739354
100003724243841
100000099381629
100001489275060
100002949267297
100008062395170
100003982398909
100002052793245
561007368
100002680553628
100005167935531
100001150774847
100002734055030
100002768668734
1557382328
100001287062754
100005988940576
100002954985543
100000996176341
100002956091227
100000122959602
100010608646750
100001386581739
753498800
100002851107194
100000835822591
100000022364485
100000268148574
100026396557795
1727723168
100002941173772
100002508750852
100003894814382
100004207514367
1606070167
100001937963933
100002844860040
100003540609677
100002649220157
100000522759678
100003217550794
1649603252
100000307850034
797074910
100002481397276
100005583676300
1756611757
100003601105304
100002789371282
100006150962181
1733252006
100001164210006
100004132811802
100002641262880
100001747058646
100007195502559
100008472840810
100002571991645
100002974309318
100004168352112
100002749691237
100004823160769
100005034673589
100002765415418
100000002243137
100008231238821
100004425692153
100000852508915
100000386852447
100002996426698
100000850452810
1316554143
100003306925486
100006434203485
100000137692087
100004660129155
100025787414501
100006063660537
1775040133
100000810187074
100003695068797
100010625079748
100003548190896
100008962127437
100002936799262
100009454977091
100004195961249
100000256170945
100006094098553
100001924207779
100003187794413
1319321022
100005150075308
100010943447006
100004768034025
1753364376
100010804605439
