1222760217
1222760217
1222760217
100000535738154
100000535738154
100000535738154
100000413868737
100000413868737
100000413868737
100002283378814
100002283378814
100002283378814
1238808009
1238808009
1238808009
100001845059164
100001845059164
100001845059164
100005434329370
100005434329370
100005434329370
1664840531
1664840531
1664840531
100000697267351
100000697267351
100000697267351
100001873487137
100001873487137
100001873487137
100002404359378
100002404359378
100002404359378
1506117314
1506117314
1506117314
100001817227944
100001817227944
100001817227944
100000594308387
100000594308387
100000594308387
100005657074042
100005657074042
100005657074042
100003775310290
100003775310290
100003775310290
100002150456395
100002150456395
100002150456395
100001317615005
100001317615005
100001317615005
100004749704675
100004749704675
100004749704675
100002115664603
100002115664603
100002115664603
100004712704496
100004712704496
100004712704496
100002897628788
100002897628788
100002897628788
100002892627420
100002892627420
100002892627420
100001069344584
100001069344584
100001069344584
1636908131
1636908131
1636908131
1565856218
1565856218
1565856218
100000114017675
100000114017675
100000114017675
100000260546605
100000260546605
100000260546605
100007688321209
100007688321209
100007688321209
100002673991437
100002673991437
100002673991437
1184790619
1184790619
1184790619
100002239202300
100002239202300
100002239202300
100000286568038
100000286568038
100000286568038
100000537024177
100000537024177
100000537024177
100003624997276
100003624997276
100003624997276
100001863434019
100001863434019
100001863434019
1523647978
1523647978
1523647978
627694143
627694143
627694143
100003074653845
100003074653845
100003074653845
1532539235
1532539235
1532539235
1131431535
1131431535
1131431535
100027745418278
100027745418278
100027745418278
100001863861432
100001863861432
100001863861432
100002066334072
100002066334072
100002066334072
100001623475920
100001623475920
100001623475920
100001202998259
100001202998259
100001202998259
503268696
503268696
503268696
100004504065892
100004504065892
100004504065892
100002616019486
100002616019486
100002616019486
100002250930239
100002250930239
100002250930239
100002296997552
100002296997552
100002296997552
100002658936723
100002658936723
100002658936723
701633280
701633280
701633280
100003224140561
100003224140561
100003224140561
100001945222074
100001945222074
100001945222074
100002150732447
100002150732447
100002150732447
100012943020556
100012943020556
100012943020556
100002619498964
100002619498964
100002619498964
100000510903737
100000510903737
100000510903737
100002789371282
100002789371282
100002789371282
1717165091
1717165091
1717165091
100001619838166
100001619838166
100001619838166
100000575847034
100000575847034
100000575847034
100002254281226
100002254281226
100002254281226
100001226423631
100001226423631
100001226423631
100002557571030
100002557571030
100002557571030
100002169269007
100002169269007
100002169269007
100006063660537
100006063660537
100006063660537
100001869503434
100001869503434
100001869503434
100003494172871
100003494172871
100003494172871
100002173624639
100002173624639
100002173624639
100001468299836
100001468299836
100001468299836
100002433094683
100002433094683
100002433094683
100003157607748
100003157607748
100003157607748
100000561851152
100000561851152
100000561851152
100000626653971
100000626653971
100000626653971
100000507409946
100000507409946
100000507409946
100002940041950
100002940041950
100002940041950
100002303950315
100002303950315
100002303950315
100002643967564
100002643967564
100002643967564
100001887228944
100001887228944
100001887228944
100003777716110
100003777716110
100003777716110
100002625077431
100002625077431
100002625077431
100004067176773
100004067176773
100004067176773
100002832644304
100002832644304
100002832644304
100002447739354
100002447739354
100002447739354
100003724243841
100003724243841
100003724243841
100003913943857
100003913943857
100003913943857
100002305542092
100002305542092
100002305542092
100000099381629
100000099381629
100000099381629
100001489275060
100001489275060
100001489275060
100004047455850
100004047455850
100004047455850
561007368
561007368
561007368
100002949267297
100002949267297
100002949267297
100002734055030
100002734055030
100002734055030
100002052793245
100002052793245
100002052793245
100008062395170
100008062395170
100008062395170
100000835822591
100000835822591
100000835822591
100002680553628
100002680553628
100002680553628
100003982398909
100003982398909
100003982398909
100005167935531
100005167935531
100005167935531
100001287062754
100001287062754
100001287062754
100001150774847
100001150774847
100001150774847
100002768668734
100002768668734
100002768668734
100005988940576
100005988940576
100005988940576
100000996176341
100000996176341
100000996176341
100002956091227
100002956091227
100002956091227
100010608646750
100010608646750
100010608646750
100000122959602
100000122959602
100000122959602
100001386581739
100001386581739
100001386581739
100001346486498
100001346486498
100001346486498
753498800
753498800
753498800
100000022364485
100000022364485
100000022364485
100026396557795
100026396557795
100026396557795
100000268148574
100000268148574
100000268148574
100002508750852
100002508750852
100002508750852
100003894814382
100003894814382
100003894814382
100002941173772
100002941173772
100002941173772
100002844860040
100002844860040
100002844860040
100004207514367
100004207514367
100004207514367
100002649220157
100002649220157
100002649220157
100001937963933
100001937963933
100001937963933
100003540609677
100003540609677
100003540609677
1557382328
1557382328
1557382328
100000522759678
100000522759678
100000522759678
100002954985543
100002954985543
100002954985543
797074910
797074910
797074910
100003217550794
100003217550794
100003217550794
1649603252
1649603252
1649603252
100000307850034
100000307850034
100000307850034
100000307850034
1756611757
1756611757
1756611757
100005583676300
100005583676300
100005583676300
100002851107194
100002851107194
100002851107194
1733252006
1733252006
1733252006
100003601105304
100003601105304
100003601105304
100006150962181
100006150962181
100006150962181
1727723168
1727723168
1727723168
100001164210006
100001164210006
100001164210006
100002641262880
100002641262880
100002641262880
100001747058646
100001747058646
100001747058646
100004132811802
100004132811802
100004132811802
100004823160769
100004823160769
100004823160769
100008472840810
100008472840810
100008472840810
100007195502559
100007195502559
100007195502559
100002571991645
100002571991645
100002571991645
100002974309318
100002974309318
100002974309318
100004168352112
100004168352112
100004168352112
100002749691237
100002749691237
100002749691237
100005034673589
100005034673589
100005034673589
1606070167
1606070167
1606070167
100002765415418
100002765415418
100002765415418
100000002243137
100000002243137
100000002243137
100008231238821
100008231238821
100008231238821
100004425692153
100004425692153
100004425692153
100000852508915
100000852508915
100000852508915
100000386852447
100000386852447
100000386852447
100002996426698
100002996426698
100002996426698
100000810187074
100000810187074
100000810187074
1316554143
1316554143
1316554143
100000850452810
100000850452810
100000850452810
100000137692087
100000137692087
100000137692087
100003306925486
100003306925486
100003306925486
100006434203485
100006434203485
100006434203485
100004660129155
100004660129155
100004660129155
100002481397276
100002481397276
100002481397276
1775040133
1775040133
1775040133
100025787414501
100025787414501
100025787414501
100003695068797
100003695068797
100003695068797
100010625079748
100010625079748
100010625079748
100003548190896
100003548190896
100003548190896
100008962127437
100008962127437
100008962127437
100002936799262
100002936799262
100002936799262
100009454977091
100009454977091
100009454977091
100004195961249
100004195961249
100004195961249
100006094098553
100006094098553
100006094098553
100001924207779
100001924207779
100001924207779
100003187794413
100003187794413
100003187794413
100000256170945
100000256170945
100000256170945
1319321022
1319321022
1319321022
100005150075308
100005150075308
100005150075308
100010943447006
100010943447006
100010943447006
100004768034025
100004768034025
100004768034025
1753364376
1753364376
1753364376
100010804605439
100010804605439
100010804605439
