100040671853209
100024832539303
100000307850034
100004067176773
100005386351237
100000332291418
100000002243137
100026396557795
100004902792596
100003624997276
100005657074042
100006508325635
1660183874228193
100000122959602
753498800
100000850452810
1733298947
100031040320001
100006250174563
100007211681579
100003157607748
100004207514367
100001120961479
100004425692153
100001207781210
100004823160769
621469211
100002749691237
100009336962021
1535743688
100003913943857
100027745418278
100008231238821
100002305542092
100000697361391
100001151074982
100002619498964
100003609883307
100003601105304
100000594308387
100002115664603
100005880960475
100001524726909
100022745003181
100008962127437
100002985297820
100002956091227
100000347905291
561007368
100002605411689
100002996426698
100002765415418
100004047455850
100009781265349
100004147202335
100002508750852
100004115412401
100002021729123
100001346486498
100002947817550
100003048754695
100000982635194
100002941173772
100001436807209
100002844860040
100001438114859
100025787414501
100002789371282
100002940041950
100002447739354
100002571991645
100001937963933
100004614103378
100006150962181
100002557571030
100004415434414
100021889682265
100003548190896
100008472840810
100002734055030
100002303950315
100000996176341
100004269330550
100012943020556
100001863861432
100000114017675
100022526716751
100002832644304
100003345631946
100000268148574
1753364376
100004660129155
100003306925486
100002388069369
100001747058646
100001569978859
100002481397276
1606070167
100002680553628
100002150456395
100000376759355
100000137692087
100012597635897
100006434203485
100001945222074
100000432624144
100000412875257
100002897628788
797074910
100003663739510
100003217550794
100002404359378
100004070285490
1733252006
100005879077200
100003234818557
100016774441453
100007888926154
100010625079748
100002169269007
1664840531
701633280
100003074653845
100000893873155
100003526819622
100004635332620
100000626653971
100004168352112
100000339001771
100001761903365
1756611757
100005167935531
100003894814382
1557382328
1131431535
1649603252
100001693396666
1316554143
100002254281226
100003187794413
100000113768098
627694143
100000334906549
100004132811802
100001386581739
100000575847034
100003777716110
100001845059164
100001317615005
100007688321209
1782680736
100008062395170
100002768668734
100001202998259
100013169863631
100002239202300
100003224140561
100002658936723
100002649220157
1849454581
100002238304755
100012449921622
100009454977091
100001468299836
100002070552151
100003982398909
1717165091
100002433094683
100000561851152
100000507409946
100010608646750
100005434329370
100001489275060
100003984528463
100005807253525
100002851107194
100004371970554
100003540609677
100000256170945
100001869503434
100002150732447
100002641262880
100007402023968
100000386852447
100000349201303
1133893442
100003724243841
100004504065892
100010804605439
100004283741526
100002311996250
100000569536742
100000121666563
609830266
583594487
100003695068797
100000260546605
1775040133
100010943447006
892515272
1750228470
100002283378814
1319321022
100006229932433
100002315857467
100000565556430
100001150774847
100000522759678
1184790619
1222760217
100007195502559
100001375611002
100001242392085
100005988940576
100000944219090
100001619838166
1636908131
100006063660537
100001623572014
100001287062754
1780871359
100010109418456
1423162526
100002949267297
1238808009
1090657573
100002936799262
100000852508915
100000317837201
100000697267351
100003493792259
100001873487137
100003009961471
100001863434019
100003494172871
100002625077431
100004086324478
100001164210006
100000169257600
100000661426818
100001817227944
1565856218
100000286568038
100002066334072
1523647978
100002954985543
100002974309318
100002643967564
100001226423631
100009132630377
100007019383785
100001887228944
100001258043413
100005150075308
100002379854157
100000835822591
100000535738154
100004771779926
100002892627420
100001283606219
100002296997552
100000537024177
100000810187074
100004768034025
100001623475920
100000510903737
100004195961249
1532539235
1727723168
100000175578166
100002250930239
100002096121827
100005034673589
503268696
100001924207779
100003567330862
100002616019486
100005583676300
100004749704675
100002673991437
100002058308157
1506117314
100008205600712
100000099381629
100006094098553
100003775310290
100002423460839
100004712704496
100001069344584
100000413868737
100002173624639
100002052793245
100007136530737
100007670493247
100001699930533
1385623135
1446694981
100000799325319
100000819912473
100000628262357
100000276658113
100000283074106
1821208181
100002514229863
100000599266727
100000041463220
100002432825686
100001098795168
100001722062031
100002962980867
100000434643605
100003627010008
100004407912467
100001347409011
1076074400
